3
-320
-1
10
4
140.854 -312
-1
-0.035 -0.035 -0.035 -0.01
-58264
4
163.606 -312
-1
-0.035 -0.035 -0.035 -0.01
-55393
4
163.606 -312
-1
-0.035 -0.035 -0.035 -0.01
-52518
4
210.896 -312
-1
-0.035 -0.035 -0.035 -0.01
-49647
4
246.145 -312
-1
-0.035 -0.035 -0.035 -0.01
-46776
4
253.39 -312
-1
-0.035 -0.035 -0.035 -0.01
-43905
4
253.39 -312
-1
-0.035 -0.035 -0.035 -0.01
-41035
4
281.673 -312
-1
-0.035 -0.035 -0.035 -0.01
-38164
4
291.579 -312
-1
-0.035 -0.035 -0.035 -0.01
-35294
4
291.579 -312
-1
-0.035 -0.035 -0.035 -0.01
-32423
