3
-368
-1
10
4
483.539 -360
-1
-0.035 -0.035 -0.035 -0.01
-3500
4
33.1157 -360
-1
-0.035 -0.035 -0.035 -0.01
-45947
4
96.2239 -360
-1
-0.035 -0.035 -0.035 -0.01
-43074
4
156.85 -360
-1
-0.035 -0.035 -0.035 -0.01
-40203
4
198.4 -360
-1
-0.035 -0.035 -0.035 -0.01
-37331
4
198.4 -360
-1
-0.035 -0.035 -0.035 -0.01
-34458
4
198.4 -360
-1
-0.035 -0.035 -0.035 -0.01
-31587
4
198.4 -360
-1
-0.035 -0.035 -0.035 -0.01
-28715
4
198.4 -360
-1
-0.035 -0.035 -0.035 -0.01
-25843
4
200.29 -360
-1
-0.035 -0.035 -0.035 -0.01
-22971
