3
-288
-1
11
4
96.826 -280
-1
-0.03 -0.03 -0.03 -0.01
-66475
4
114.525 -280
-1
-0.03 -0.03 -0.03 -0.01
-63128
4
160.903 -280
-1
-0.03 -0.03 -0.03 -0.01
-59782
4
210.131 -280
-1
-0.03 -0.03 -0.03 -0.01
-56435
4
210.131 -280
-1
-0.03 -0.03 -0.03 -0.01
-53088
4
250.66 -280
-1
-0.03 -0.03 -0.03 -0.01
-49741
4
287.078 -280
-1
-0.03 -0.03 -0.03 -0.01
-46394
4
287.078 -280
-1
-0.03 -0.03 -0.03 -0.01
-43046
4
287.078 -280
-1
-0.03 -0.03 -0.03 -0.01
-39700
4
319.807 -280
-1
-0.03 -0.03 -0.03 -0.01
-36353
4
319.807 -280
-1
-0.03 -0.03 -0.03 -0.01
-33006
