3
-512
-1
10
4
221.572 -504
-1
-0.035 -0.035 -0.035 -0.01
-17499
4
267.707 -504
-1
-0.035 -0.035 -0.035 -0.01
-14625
4
314.647 -504
-1
-0.035 -0.035 -0.035 -0.01
-11751
4
362.217 -504
-1
-0.035 -0.035 -0.035 -0.01
-8877
4
408.527 -504
-1
-0.035 -0.035 -0.035 -0.01
-6003
4
455.817 -504
-1
-0.035 -0.035 -0.035 -0.01
-3129
4
489 -504
-1
-0.035 -0.035 -0.035 -0.01
-257
4
489 -504
-1
-0.035 -0.035 -0.035 -0.01
2616
4
489 -504
-1
-0.035 -0.035 -0.035 -0.01
5489
4
489 -504
-1
-0.035 -0.035 -0.035 -0.01
8362
