3
-464
-1
10
4
148.589 -456
-1
-0.035 -0.035 -0.035 -0.01
-22258
4
194.899 -456
-1
-0.035 -0.035 -0.035 -0.01
-19383
4
237.849 -456
-1
-0.035 -0.035 -0.035 -0.01
-16506
4
284.369 -456
-1
-0.035 -0.035 -0.035 -0.01
-13632
4
331.133 -456
-1
-0.035 -0.035 -0.035 -0.01
-10760
4
378.773 -456
-1
-0.035 -0.035 -0.035 -0.01
-7887
4
423.613 -456
-1
-0.035 -0.035 -0.035 -0.01
-5014
4
472.898 -456
-1
-0.035 -0.035 -0.035 -0.01
-2141
4
489 -456
-1
-0.035 -0.035 -0.035 -0.01
732
4
489 -456
-1
-0.035 -0.035 -0.035 -0.01
3605
