3
-368
-1
10
4
311.601 -360
-1
-0.035 -0.035 -0.035 -0.01
-15768
4
343.42 -360
-1
-0.035 -0.035 -0.035 -0.01
-12898
4
368.622 -360
-1
-0.035 -0.035 -0.035 -0.01
-10028
4
428.969 -360
-1
-0.035 -0.035 -0.035 -0.01
-7157
4
428.969 -360
-1
-0.035 -0.035 -0.035 -0.01
-4287
4
472.373 -360
-1
-0.035 -0.035 -0.035 -0.01
-1417
4
489 -360
-1
-0.035 -0.035 -0.035 -0.01
1453
4
489 -360
-1
-0.035 -0.035 -0.035 -0.01
4324
4
489 -360
-1
-0.035 -0.035 -0.035 -0.01
7194
4
489 -360
-1
-0.035 -0.035 -0.035 -0.01
10064
