3
-304
1
11
4
380.193 -296
1
0.035 0.035 0.035 0.01
-60714
4
312.671 -296
1
0.035 0.035 0.035 0.01
-57843
4
300.384 -296
1
0.035 0.035 0.035 0.01
-54973
4
297.619 -296
1
0.035 0.035 0.035 0.01
-52102
4
253.094 -296
1
0.035 0.035 0.035 0.01
-49231
4
210.6 -296
1
0.035 0.035 0.035 0.01
-46360
4
210.6 -296
1
0.035 0.035 0.035 0.01
-43489
4
210.6 -296
1
0.035 0.035 0.035 0.01
-40619
4
172.901 -296
1
0.035 0.035 0.035 0.01
-37748
4
172.411 -296
1
0.035 0.035 0.035 0.01
-34877
4
172.411 -296
1
0.035 0.035 0.035 0.01
-32007
